player	player_id	position	team_name	player_game_count	batted_passes	declined_penalties	franchise_id	grades_pass_rush_defense	hits	hurries	pass_rush_opp	pass_rush_percent	pass_rush_win_rate	pass_rush_wins	penalties	prp	sacks	snap_counts_pass_play	snap_counts_pass_rush	total_pressures	true_pass_set_batted_passes	true_pass_set_grades_pass_rush_defense	true_pass_set_hits	true_pass_set_hurries	true_pass_set_pass_rush_opp	true_pass_set_pass_rush_percent	true_pass_set_pass_rush_win_rate	true_pass_set_pass_rush_wins	true_pass_set_prp	true_pass_set_sacks	true_pass_set_snap_counts_pass_play	true_pass_set_snap_counts_pass_rush	true_pass_set_total_pressures 
Daelin Hayes,43449,ED,NOTRE DAME,10,1,0,258,77.8,6,20,198,81.3,13.6,27,3,8.1,3,252,205,29,0,77.8,2,11,69,82.6,17.4,12,10.9,1,86,71,14,2020

Charles Wiley,44329,ED,UTSA,11,1,0,331,82.5,12,27,220,75.7,19.5,43,2,9.8,2,309,234,41,0,86.6,6,17,62,75,40.3,25,18.5,0,92,69,23,2020

Jeff Gunter,54402,ED,COAST CAR,11,0,0,141,82.4,5,24,272,77.9,13.6,37,3,8.3,8,367,286,37,0,82.7,3,10,68,85.5,26.5,18,18.4,6,83,71,19,2020

Chris Rumph II,56345,ED,DUKE,11,1,2,154,78.1,9,26,229,86,18.8,43,7,11.6,9,279,240,44,0,77.7,4,17,84,89.3,28.6,24,16.1,3,103,92,24,2020

Patrick Johnson,56460,ED,TULANE,11,1,0,319,85.8,6,17,269,76.3,16,43,3,8,10,372,284,33,1,91.9,1,12,91,73.3,25.3,23,13.7,6,131,96,19,2020

Joseph Ossai,77205,ED,TEXAS,9,0,0,311,80.5,9,17,301,91.5,15.9,48,2,6.6,7,341,312,33,0,84.8,4,11,103,96.5,27.2,28,12.1,5,113,109,20,2020

Brenton Cox Jr.,81957,ED,FLORIDA,10,1,2,163,81,9,29,287,94.9,16.4,47,8,8,4,315,299,42,0,75.6,3,14,99,96.2,19.2,19,10.6,2,106,102,19,2020

Cameron Goode,38410,ED,CAL,11,5,0,130,77.7,10,20,354,88.9,13.6,48,3,6.5,8,423,376,38,0,74.2,7,13,160,93.9,18.8,30,8.1,3,179,168,23,2021

Nick Heninger,42766,ED,UTAH ST,12,2,0,329,79.5,6,27,298,92.2,16.4,49,1,6.9,4,348,321,37,1,83.7,1,15,122,95.8,22.1,27,9.8,4,142,136,20,2021

Tre Williams,44563,ED,ARKANSAS,12,0,1,111,81.3,7,24,250,99.6,18.4,46,10,8.2,5,267,266,36,0,84.3,5,7,51,100,37.3,19,13.7,1,55,55,13,2021

Boye Mafe,55220,ED,MINNESOTA,12,0,0,225,80.9,9,25,222,88.5,15.8,35,2,10.4,6,269,238,40,0,85.8,4,15,84,92.6,20.2,17,14.9,3,95,88,22,2021

Jacub Panasiuk,56407,ED,MICH STATE,12,3,0,223,83,9,48,415,96,16.6,69,4,9,9,451,433,66,1,79.5,4,27,180,96.4,20.6,37,11.9,6,196,189,37,2021

Brock Martin,56439,ED,OKLA STATE,11,0,0,262,77.9,7,27,237,81.8,17.3,41,4,10.1,7,308,252,41,0,77.8,2,15,87,87.9,26.4,23,14.4,4,107,94,21,2021

Luiji Vilain,56715,ED,WAKE,12,1,0,339,78.4,1,22,230,93.5,16.1,37,2,8,7,262,245,30,0,74.8,0,13,93,92.7,18.3,17,13.4,6,110,102,19,2021

Turner Coxe,56827,ED,SMU,12,1,1,287,83.6,5,22,219,68.9,17.8,39,1,8.9,6,334,230,33,0,90.1,3,15,105,89.2,24.8,26,13.3,5,120,107,23,2021

Micheal Clemons,56872,ED,TEXAS A&M,10,0,1,312,79.2,11,27,319,98.2,14.1,45,1,8.5,8,334,328,46,0,76.4,3,13,88,96.8,22.7,20,12.5,3,95,92,19,2021

Derek Parish,57854,ED,HOUSTON,12,0,1,182,82.1,7,21,223,100,17.5,39,4,9.4,7,246,246,35,0,83.2,3,13,71,100,29.6,21,15.5,3,79,79,19,2021

Josh Paschal,57908,ED,KENTUCKY,12,0,0,202,81.3,4,28,369,98,15.4,57,0,6,6,397,389,38,0,82.3,3,13,117,96.1,24.8,29,8.5,2,129,124,18,2021

Myjai Sanders,76816,ED,CINCINNATI,12,6,2,138,84.5,1,42,311,97.3,16.7,52,10,8.2,4,337,328,47,0,73.2,1,19,98,94.5,24.5,24,10.2,0,109,103,20,2021

Will McDonald IV,76842,ED,IOWA STATE,12,4,0,193,84.4,7,21,239,95.8,17.6,42,0,11.3,13,260,249,41,0,74.3,0,9,48,92.6,25,12,21.9,6,54,50,15,2021

Karl Brooks,76941,ED,BOWL GREEN,12,0,0,122,84.2,3,25,243,100,20.2,49,5,9.1,8,256,256,36,0,86.1,2,19,91,100,30.8,28,17,5,98,98,26,2021

Praise Amaewhule,82185,ED,UTEP,12,6,0,330,84.2,7,21,272,99.7,15.8,43,8,7.4,6,287,286,34,2,89.6,4,5,79,98.9,29.1,23,9.5,3,87,86,12,2021

Richard Jibunor,83016,ED,TROY,11,0,0,318,85.7,4,23,163,81.7,20.9,34,4,13.2,8,213,174,35,0,85.2,0,9,61,85.9,26.2,16,17.2,6,78,67,15,2021

Tyreke Smith,83513,ED,OHIO STATE,9,2,1,260,78.8,10,19,223,95.5,16.1,36,2,7.8,3,242,231,32,0,80.3,4,14,70,96.1,28.6,20,15.7,2,76,73,20,2021

Javon Solomon,97821,ED,TROY,12,1,0,318,82.6,10,17,198,82.6,17.2,34,1,11.9,10,253,209,37,0,87.9,5,10,79,87.4,26.6,21,20.9,9,95,83,24,2021

Adetomiwa Adebawore,97934,ED,NWESTERN,12,1,0,256,78.2,4,21,263,94.5,14.4,38,0,6.7,5,293,277,30,0,86.8,3,15,95,92.6,26.3,25,12.6,3,108,100,21,2021

Derick Hall,98130,ED,AUBURN,12,0,1,115,80.5,7,25,279,81.8,15.8,44,3,9.3,10,358,293,42,0,89.8,4,18,104,92.2,27.9,29,19.2,9,116,107,31,2021

Joey Noble,101190,ED,NEW MEXICO,12,1,2,241,82.6,15,29,321,96.3,14,45,7,8.7,6,354,341,50,1,85.2,6,13,102,95,21.6,22,11.3,2,120,114,21,2021

TreShaun Clark,104144,ED,LIBERTY,12,0,0,206,76.7,8,25,240,93,17.9,43,2,8.5,4,271,252,37,0,67.7,1,6,65,91.9,21.5,14,8.5,2,74,68,9,2021

Will Anderson Jr.,123903,ED,ALABAMA,12,2,0,103,80.7,11,45,358,89.8,14.5,52,1,11.2,12,423,380,68,0,81.7,5,17,108,90.9,21.3,23,16.7,7,121,110,29,2021

Tuli Tuipulotu,131840,ED,USC,12,1,0,326,79.8,6,17,268,93.5,14.2,38,1,6.5,6,309,289,29,0,81.1,1,10,95,98.1,22.1,21,11.1,5,106,104,16,2021

Collin Oliver,144664,ED,OKLA STATE,12,0,0,262,78.6,2,27,178,89.2,16.3,29,1,12.6,8,213,190,37,0,80.9,1,16,71,95,23.9,17,17.6,4,80,76,21,2021

Isaac Ukwu,57888,ED,JAMES MAD,11,1,0,197,80.6,6,22,277,89.9,13.7,38,0,7.9,8,318,286,36,0,80.3,2,14,85,88.1,27.1,23,15.3,5,101,89,21,2022

Hunter Echols,58237,ED,ARIZONA,12,1,0,109,77.5,7,21,247,77.1,14.2,35,6,7.3,4,341,263,32,0,63.5,2,8,69,89.4,18.8,13,8.7,1,85,76,11,2022

Ochaun Mathis,76838,ED,NEBRASKA,12,2,0,238,77.6,5,25,286,97.4,15,43,1,6.3,3,307,299,33,1,76.8,2,12,87,98.9,23,20,10.3,2,92,91,16,2022

John Morgan III,76865,ED,PITTSBURGH,12,0,1,268,77.6,10,23,252,96.1,13.5,34,2,7.7,3,284,273,36,0,77.8,7,17,118,97.7,20.3,24,11.9,2,131,128,26,2022

Byron Vaughns,77206,ED,UTAH ST,10,2,0,329,79,11,19,248,94.1,15.7,39,5,6.5,1,288,271,31,0,82.7,3,9,72,94.1,23.6,17,8.3,0,85,80,12,2022

Marcus Cushnie,79548,ED,UMASS,12,0,0,216,81.7,8,33,265,99.3,18.5,49,1,10,6,283,281,47,0,86.3,7,23,128,100,28.9,37,14.8,4,135,135,34,2022

Owen Porter,82318,ED,MARSHALL,12,2,0,214,84.4,11,28,312,91.4,17.9,56,1,10.1,12,361,330,51,0,83.7,7,16,115,94.6,27,31,17,8,129,122,31,2022

Jeremiah Martin,82431,ED,WASHINGTON,12,1,0,340,84.3,8,34,304,94.6,16.4,50,4,9.9,9,349,330,51,1,82.9,3,21,112,94.7,19.6,22,14.3,4,131,124,28,2022

Tyree Wilson,82432,ED,TEXAS TECH,10,0,0,315,79.9,10,32,242,91.1,19.4,47,3,12,8,282,257,50,0,88.6,4,19,89,89.1,33.7,30,18.5,5,110,98,28,2022

David Perales,87160,ED,FRESNO ST,12,3,1,169,76.7,6,26,320,92.9,14.7,47,5,8.8,12,366,340,44,0,80.2,5,15,119,94.8,23.5,28,15.1,8,135,128,28,2022

Gabriel Murphy,89099,ED,UCLA,12,1,0,324,84.4,5,30,221,93.4,18.6,41,5,8.8,2,257,240,37,0,79.5,1,16,77,95.2,26,20,12.3,1,84,80,18,2022

Jordan Revels,97672,ED,TEXAS ST,12,1,0,314,80.2,11,21,274,78.1,16.4,45,1,7.7,5,361,282,37,0,82.9,3,15,89,84.4,29.2,26,11.2,1,109,92,19,2022

Mohamed Kamara,97731,ED,COLO STATE,12,0,0,144,81.6,12,35,281,96.1,18.9,53,1,10.5,6,304,292,53,0,82.6,6,20,106,97.3,26.4,28,17,5,113,110,31,2022

Javon Solomon,97821,ED,TROY,12,0,0,318,81.5,5,23,218,78.4,16.5,36,1,8.7,5,292,229,33,0,89.7,3,14,65,86.1,32.3,21,20.8,5,79,68,22,2022

Derick Hall,98130,ED,AUBURN,12,0,2,115,82.6,11,28,328,80.6,14,46,6,8.4,8,433,349,47,0,82.9,8,17,131,93.9,21.4,28,13.4,5,147,138,30,2022

R.J. Oben,98342,ED,DUKE,12,0,0,154,84.9,5,26,277,100,16.2,45,2,7,4,290,290,35,0,70.1,2,9,86,100,17.4,15,7.6,1,94,94,12,2022

Brock Higdon,98522,ED,S ALABAMA,12,0,0,288,81.4,3,23,153,89.5,20.3,31,3,11.1,4,181,162,30,0,83.4,1,14,75,93,28,21,15.3,4,86,80,19,2022

Isaiah McGuire,98948,ED,MISSOURI,12,0,0,229,83,7,21,255,93,16.9,43,1,8.2,7,287,267,35,0,84.7,4,8,81,92.4,24.7,20,13.6,5,92,85,17,2022

Stephen Herron,100553,ED,STANFORD,12,0,2,300,82.7,8,27,284,92,16.2,46,4,7.9,5,325,299,40,0,90.7,5,16,110,89.1,27.3,30,14.1,5,129,115,26,2022

Grayson Murphy,100749,ED,UCLA,12,0,1,324,80.1,8,34,248,95.3,18.1,45,7,10.5,5,278,265,47,0,71,4,16,82,94.6,20.7,17,14.6,2,93,88,22,2022

Mike Morris,101421,ED,MICHIGAN,11,2,0,222,85.6,7,19,197,94,17.3,34,1,11.2,9,218,205,35,0,90.3,6,14,80,92.2,32.5,26,23.8,9,90,83,29,2022

Dominic Quewon,121469,ED,SO MISS,12,0,1,296,81.4,6,19,175,87.3,18.3,32,2,13.4,11,205,179,36,0,84.8,1,17,100,89.5,24,24,18,9,114,102,27,2022

Tyler Batty,122052,ED,BYU,11,0,0,128,77.4,5,21,173,82.7,17.9,31,3,9.2,3,225,186,29,0,77.7,2,12,49,94.4,30.6,15,18.4,2,54,51,16,2022

Kaimon Rucker,122847,ED,N CAROLINA,12,0,0,245,78.4,5,23,274,96.6,15.3,42,1,6.6,4,296,286,32,0,86.3,3,13,94,98,26.6,25,11.7,3,102,100,19,2022

Nelson Ceaser,123656,ED,HOUSTON,12,0,0,182,78.2,7,34,358,91.8,14.5,52,2,6.8,4,414,380,45,0,83.9,3,17,112,97.6,25.9,29,12.5,4,123,120,24,2022

Will Anderson Jr.,123903,ED,ALABAMA,12,0,1,103,84.9,9,36,336,93.6,15.8,53,8,10.9,14,388,363,59,0,86.9,4,18,107,95.3,25.2,27,15.9,6,127,121,28,2022

BJ Ojulari,124105,ED,LSU,10,0,0,211,82,12,25,285,79.2,14.4,41,3,9.6,9,380,301,46,0,84,6,16,96,84,22.9,22,16.7,5,119,100,27,2022

Cedric Johnson,124136,ED,OLE MISS,11,0,0,226,77,11,22,234,98,17.1,40,0,8.3,3,249,244,36,0,68.6,3,5,66,100,19.7,13,7.6,1,68,68,9,2022

Tuli Tuipulotu,131840,ED,USC,12,2,0,326,81.3,6,31,326,91,14.4,47,1,9.4,12,389,354,49,0,74.2,3,14,127,92.7,15.7,20,13,8,150,139,25,2022

Trey Moore,145527,ED,UTSA,12,0,0,331,84.6,4,22,228,74.2,15.8,36,0,8.8,7,322,239,33,0,85.8,2,15,89,85.1,23.6,21,15.2,5,114,97,22,2022

Thomas Incoom,145694,ED,C MICHIGAN,12,0,1,134,76.4,6,26,367,99.7,14.2,52,2,7.4,11,386,385,43,0,73.2,6,20,163,100,20.9,34,12.9,8,173,173,34,2022

B.J. Green II,146277,ED,ARIZONA ST,12,0,0,110,86.2,11,22,165,99.4,20,33,2,12.4,4,174,173,37,0,87.8,4,12,64,100,31.3,20,15.6,2,69,69,18,2022

Josaiah Stewart,147092,ED,COAST CAR,11,0,0,141,83.5,6,30,244,89.2,18.4,45,1,8.6,3,288,257,39,0,83,4,20,71,94.8,35.2,25,18.3,1,77,73,25,2022

Solomon Byrd,75742,ED,USC,12,1,0,326,82.6,12,21,285,94.1,14.7,42,2,8.2,7,321,302,40,0,5,12,74,90.7,24.3,18,15.5,3,86,78,20,2023

Andrew Chatfield Jr.,81219,ED,OREGON ST,12,2,0,265,82,5,26,184,87.4,16.3,30,1,13.3,9,222,194,40,0,5,12,85,89.3,24.7,21,20.6,9,103,92,26,2023

Ron Stone Jr.,81989,ED,WASH STATE,12,0,1,341,78.6,15,25,306,94.3,14.4,44,3,8.5,6,348,328,46,0,8,17,114,92.4,22.8,26,14.5,4,131,121,29,2023

Sam Burton,82317,ED,MARSHALL,12,1,0,214,81.6,7,13,184,87.3,17.9,33,0,10.3,9,220,192,29,0,3,10,69,92.4,33.3,23,21,8,79,73,21,2023

Gabriel Murphy,89099,ED,UCLA,12,1,1,324,86,12,36,317,97.4,18,57,4,9.8,7,342,333,55,0,5,17,83,95.8,30.1,25,18.1,4,95,91,26,2023

Brian Ugwu,98145,ED,MIAMI OH,12,0,0,221,81.7,8,37,321,97.2,17.8,57,3,9.5,8,357,347,53,0,3,21,144,97,23.6,34,12.5,6,166,161,30,2023

Marshawn Kneeland,98344,ED,W MICHIGAN,10,1,0,347,84.7,3,28,271,93.8,17.3,47,2,7.9,6,307,288,37,1,1,20,91,98,34.1,31,14.8,3,102,100,24,2023

Vonnie Watkins,100349,ED,OHIO,12,0,0,259,76.8,3,32,281,95.4,14.6,41,3,7.3,3,307,293,38,0,2,19,107,92.7,23.4,25,11.7,2,123,114,23,2023

Grayson Murphy,100749,ED,UCLA,12,1,1,324,85.2,19,22,277,95.5,14.4,40,8,9.9,7,308,294,48,0,4,10,79,94.6,20.3,16,11.4,2,93,88,16,2023

Jalen McLeod,122248,ED,AUBURN,11,0,0,115,84.6,8,20,196,72.7,17.3,34,1,10.7,7,282,205,35,0,4,14,78,72.5,23.1,18,12.8,1,109,79,19,2023

Jasheen Davis,123382,ED,WAKE,12,2,0,339,86.2,7,30,351,97.8,14.5,51,2,7.5,8,369,361,45,1,2,15,89,98.9,21.3,19,11.8,2,95,94,19,2023

Tyler Baron,124268,ED,TENNESSEE,12,1,2,307,83.3,4,31,240,99.2,16.7,40,6,9.8,6,252,250,41,1,1,22,103,99.1,24.3,25,16,5,110,109,28,2023

Ashton Gillotte,144154,ED,LOUISVILLE,12,0,0,210,82.8,6,41,304,100,19.1,58,2,10.7,9,328,328,56,0,4,24,136,100,26.5,36,14,5,151,151,33,2023

Austin Booker,144990,ED,KANSAS,12,1,1,198,80.6,2,27,223,93.7,14.8,33,4,10.5,9,253,237,38,1,2,18,98,97.2,26.5,26,17.3,7,108,105,27,2023

Jack Sawyer,145071,ED,OHIO STATE,12,1,0,260,84.9,9,16,252,90.6,17.9,45,1,6.9,5,288,261,30,0,4,10,102,91.5,26.5,27,10.8,4,118,108,18,2023

Trey Moore,145527,ED,UTSA,12,2,0,331,84,3,22,235,81.7,14.5,34,0,10.9,13,301,246,38,1,1,13,90,91.3,21.1,19,20,11,104,95,25,2023

Caiden Woullard,145806,ED,MIAMI OH,12,1,0,221,82.1,5,38,337,99.2,15.7,53,1,9.3,10,364,361,53,0,2,27,156,98.8,24.4,38,13.1,6,173,171,35,2023

Diwun Black,146685,ED,TEMPLE,10,0,1,306,83.5,9,19,145,94.5,17.9,26,3,12.4,4,163,154,32,0,4,11,57,95.4,24.6,14,18.4,3,65,62,18,2023

Nate Johnson,174993,ED,APP STATE,12,0,0,108,84.6,5,24,194,77.3,19.6,38,1,10.6,6,278,215,35,0,4,16,82,95.5,31.7,26,15.9,3,89,85,23,2023

